/* The letter M
*
* Authors: Adam Kim, Ean Evans, Alex Wallen, Morgan Wesemann
* Project: VisualSplayTree
*
*
*
*
* It's amazing
*/
M
20 25

1 1 1 1 1 1 0 0 0 0 0 0 0 0 1 1 1 1 1 1 
1 1 1 1 1 1 0 0 0 0 0 0 0 0 1 1 1 1 1 1 
1 1 1 1 1 1 1 0 0 0 0 0 0 1 1 1 1 1 1 1 
1 1 1 1 1 1 1 0 0 0 0 0 0 1 1 1 1 1 1 1 
1 1 1 1 1 1 1 1 0 0 0 0 0 1 1 1 1 1 1 1
1 1 1 1 1 1 1 1 0 0 0 0 1 1 1 1 1 1 1 1
1 1 1 1 1 1 1 1 1 0 0 1 1 1 1 1 1 1 1 1
1 1 1 1 1 0 1 1 1 0 0 1 1 1 0 1 1 1 1 1
1 1 1 1 1 0 1 1 1 1 1 1 1 1 0 1 1 1 1 1 
1 1 1 1 1 0 0 1 1 1 1 1 1 0 0 1 1 1 1 1 
1 1 1 1 1 0 0 1 1 1 1 1 1 0 0 1 1 1 1 1 
1 1 1 1 1 0 0 0 1 1 1 1 0 0 0 1 1 1 1 1 
1 1 1 1 1 0 0 0 1 1 1 1 0 0 0 1 1 1 1 1 
1 1 1 1 1 0 0 0 0 1 1 0 0 0 0 1 1 1 1 1 
1 1 1 1 1 0 0 0 0 1 1 0 0 0 0 1 1 1 1 1 
1 1 1 1 1 0 0 0 0 0 0 0 0 0 0 1 1 1 1 1 
1 1 1 1 1 0 0 0 0 0 0 0 0 0 0 1 1 1 1 1 
1 1 1 1 1 0 0 0 0 0 0 0 0 0 0 1 1 1 1 1 
1 1 1 1 1 0 0 0 0 0 0 0 0 0 0 1 1 1 1 1 
1 1 1 1 1 0 0 0 0 0 0 0 0 0 0 1 1 1 1 1 
1 1 1 1 1 0 0 0 0 0 0 0 0 0 0 1 1 1 1 1 
1 1 1 1 1 0 0 0 0 0 0 0 0 0 0 1 1 1 1 1 
1 1 1 1 1 0 0 0 0 0 0 0 0 0 0 1 1 1 1 1 
1 1 1 1 1 0 0 0 0 0 0 0 0 0 0 1 1 1 1 1 
1 1 1 1 1 0 0 0 0 0 0 0 0 0 0 1 1 1 1 1 
1 1 1 1 1 0 0 0 0 0 0 0 0 0 0 1 1 1 1 1 
