/* The letter V
*
* Authors: Adam Kim, Ean Evans, Alex Wallen, Morgan Wesemann
* Project: VisualSplayTree
*
*
*
*
* It's amazing
*/
V
20 25

1 1 1 1 0 0 0 0 0 0 0 0 0 0 0 0 1 1 1 1
1 1 1 1 0 0 0 0 0 0 0 0 0 0 0 0 1 1 1 1
1 1 1 1 0 0 0 0 0 0 0 0 0 0 0 0 1 1 1 1
1 1 1 1 1 0 0 0 0 0 0 0 0 0 0 1 1 1 1 1
1 1 1 1 1 0 0 0 0 0 0 0 0 0 0 1 1 1 1 1
1 1 1 1 1 0 0 0 0 0 0 0 0 0 0 1 1 1 1 1
0 1 1 1 1 1 0 0 0 0 0 0 0 0 1 1 1 1 1 0
0 1 1 1 1 1 0 0 0 0 0 0 0 0 1 1 1 1 1 0
0 1 1 1 1 1 0 0 0 0 0 0 0 0 1 1 1 1 1 0
0 0 1 1 1 1 1 0 0 0 0 0 0 1 1 1 1 1 0 0
0 0 1 1 1 1 1 0 0 0 0 0 0 1 1 1 1 1 0 0
0 0 1 1 1 1 1 0 0 0 0 0 0 1 1 1 1 1 0 0
0 0 0 1 1 1 1 1 0 0 0 0 1 1 1 1 1 0 0 0
0 0 0 1 1 1 1 1 0 0 0 0 1 1 1 1 1 0 0 0
0 0 0 1 1 1 1 1 0 0 0 0 1 1 1 1 1 0 0 0
0 0 0 0 1 1 1 1 1 0 0 1 1 1 1 1 0 0 0 0
0 0 0 0 1 1 1 1 1 0 0 1 1 1 1 1 0 0 0 0
0 0 0 0 1 1 1 1 1 0 0 1 1 1 1 1 0 0 0 0
0 0 0 0 0 1 1 1 1 0 0 1 1 1 1 0 0 0 0 0
0 0 0 0 0 1 1 1 1 1 1 1 1 1 1 0 0 0 0 0
0 0 0 0 0 1 1 1 1 1 1 1 1 1 1 0 0 0 0 0
0 0 0 0 0 0 1 1 1 1 1 1 1 1 0 0 0 0 0 0
0 0 0 0 0 0 1 1 1 1 1 1 1 1 0 0 0 0 0 0
0 0 0 0 0 0 1 1 1 1 1 1 1 1 0 0 0 0 0 0
0 0 0 0 0 0 0 1 1 1 1 1 1 0 0 0 0 0 0 0
0 0 0 0 0 0 0 0 1 1 1 1 0 0 0 0 0 0 0 0